loss :  2.999561071395874
tp :  2481.0
fp :  1017.0
tn :  13015.0
fn :  1027.0
accuracy :  0.883466362953186
precision :  0.7092624306678772
recall :  0.7072405815124512
auc :  0.8525962233543396
prc :  0.6617388725280762
Specificity :  0.9601624608039856
Sensitivity :  0.8015963435173035
F1 score - micro: 0.7078107183580387
F1 score - macro: 0.25519919964066384
F1 score - weighted: 0.6395940385148561
