loss :  0.8646425604820251
tp :  2580.0
fp :  928.0
tn :  13104.0
fn :  928.0
accuracy :  0.8941847085952759
precision :  0.7354618310928345
recall :  0.7354618310928345
auc :  0.8946479558944702
prc :  0.6843224763870239
Specificity :  0.9591647386550903
Sensitivity :  0.9290193915367126
F1 score - micro: 0.7354618015963512
F1 score - macro: 0.16951379763469118
F1 score - weighted: 0.6233546150192464