loss :  3.3033344745635986
tp :  2488.0
fp :  1010.0
tn :  13022.0
fn :  1020.0
accuracy :  0.8842645287513733
precision :  0.7112635970115662
recall :  0.7092360258102417
auc :  0.8564338684082031
prc :  0.6628779172897339
Specificity :  0.9611601829528809
Sensitivity :  0.8010262250900269
F1 score - micro: 0.7106613454960091
F1 score - macro: 0.3303175136585924
F1 score - weighted: 0.6541408811761993