loss :  0.8693591952323914
tp :  2580.0
fp :  928.0
tn :  13104.0
fn :  928.0
accuracy :  0.8941847085952759
precision :  0.7354618310928345
recall :  0.7354618310928345
auc :  0.8903642892837524
prc :  0.6675620675086975
Specificity :  0.9556727409362793
Sensitivity :  0.9315849542617798
F1 score - micro: 0.7354618015963512
F1 score - macro: 0.16951379763469118
F1 score - weighted: 0.6233546150192464
