loss :  0.8671252131462097
tp :  2580.0
fp :  928.0
tn :  13104.0
fn :  928.0
accuracy :  0.8941847085952759
precision :  0.7354618310928345
recall :  0.7354618310928345
auc :  0.8938558101654053
prc :  0.6870843768119812
Specificity :  0.9600199460983276
Sensitivity :  0.9273090362548828
F1 score - micro: 0.7354618015963512
F1 score - macro: 0.16951379763469118
F1 score - weighted: 0.6233546150192464