loss :  0.870614230632782
tp :  2580.0
fp :  928.0
tn :  13104.0
fn :  928.0
accuracy :  0.8941847085952759
precision :  0.7354618310928345
recall :  0.7354618310928345
auc :  0.8943500518798828
prc :  0.6846936941146851
Specificity :  0.9598061442375183
Sensitivity :  0.9521094560623169
F1 score - micro: 0.7354618015963512
F1 score - macro: 0.16951379763469118
F1 score - weighted: 0.6233546150192464